[1,["20g1ukYUVPvKWKBRznAKo+@f9941","d1NGQ2rJZCcbhjH0/erZWw","54TknWPwVPqJqeCR+Y/Czo@f9941","95EkngnxZFbYuFpsqVTaFr@f9941","48k+yeFplH8acpLMVDe/B0@6c48a","150ca40c6@6c48a","d8HoV0QLNPf6+bnrpnh6ao","b5snqx50BDmLQHhI/CssiX@6c48a","0bmjzu39JLpJHHVxA9xOoB@f9941","a7YStUNeNCOKGpSntUY1g5","c7U0HiJrNNj7LsBz0f9AzU@f9941","deMdlyoKRCho6BxoVVrOiP","c7XXLhaJZLSIiuDjgWSXaD","fd1zm1zCpFDYaPdp8N6Mva","e3eh9zymlNMq+k/9eUCv/f","d4IxOpLbpPHrrNT3++6M2O@6c48a","53LmiXdGtL0ImSztBt3ENW","2dOl4MIKROwqF5tUMjER0T","e7KX53cYhNmrLo79NwQNwv@f9941","58+VuwfLhOZ43umM9izgzV@f9941","d43JQnnV1K/LdNMseMXUCe@6c48a","ddt0yNm3NDIKj93qA8L/W3@6c48a","6cTU5GunhN7IWjcYoZFl/3","f5q/r111xN1rYeEjruCkiv@f9941","09JffNn+9Ii788c+lVFy8Z@8b7be","9fVH1YKalMGIlghDIOtPHV@6c48a","ba9ea1PbtF6JZr0XwFA+tc","f3NSaE/+ZLUL27/JPYVw3L@6c48a","5f3WPenypGrZWGuhY5UD/f@6c48a","11vcSwZKhOt6Knn7niM+l3@f9941","eadHiwQI1AUrcD8NI1Xglf","7ecCntqqpOgoOObBfDe3Iz","aebVcs3TpFUpRfMRu5jdNZ@6c48a","7fRuTZXSRL0o1VTRLk7T8t","89FqDNY7BLZp7NeXxkT8dr@6c48a","7dq4ImBkFI/boBTnY9xNCJ@8b7be","d6EoYaqFVKIrqV2wDK1fwS@6c48a","c6ScZJux5KxI61RDDwuFYP","653L1M5oRCu4K6CvicpQuF@6c48a","822uXBWuBITZ4PBkqihcNa","35xvxJ6QVP4JjnIy6RlQDB","2f94nI08BFsZDhLfhLD2JN","cansGbEXBAPKRKPCUSeiTC","9dmM80o8xIOonbothJFNMf","0aaDRCl9tA9oGVhbhnUwmt","7aSWmMLhFJor0DPWJ2s3p1","d72OZvyH9ACJ0P+81bRz4a@6c48a","0ftWGpEm5ADIwzArClxam2","3ch7IQdZhP8qedKDx0na7j","64q+YS51lP5JTs8eD/LDc6","10dSpDAP1HpoGUobuRZNhD","c67F06nxNOMbwY/Mu0FHeF","daVcQDHd5IeZgUcXY9mBpP@8b7be","3c/JynvqhGZru1A1pESuvn","8bZe6BFfpImby0+0Ohi0Kc@6c48a","09JffNn+9Ii788c+lVFy8Z@0907b","09JffNn+9Ii788c+lVFy8Z@4e34d","09JffNn+9Ii788c+lVFy8Z@aebf4","09JffNn+9Ii788c+lVFy8Z@c0f44","09JffNn+9Ii788c+lVFy8Z@04d3f","09JffNn+9Ii788c+lVFy8Z@4f3c7","11vcSwZKhOt6Knn7niM+l3@6c48a","15jn5SMiBM15aUcT4OboJ4@f9941","15jn5SMiBM15aUcT4OboJ4@6c48a","9bpg3Ibk1CJqp+mp+JlIU8","20g1ukYUVPvKWKBRznAKo+@6c48a","d3GFlGZK1I4ahTNdpVfdTO","48f2Zhm7tFArKn4wx0VPrj","c4SWfw69dJzY7l9La0nzeF","2c7br1Q2hK94qlcy5akwDB@b8a2d","09JffNn+9Ii788c+lVFy8Z@def3d","54TknWPwVPqJqeCR+Y/Czo@6c48a","6dW9qk6gNCfINfYalv72e4@6040c","7aMi/HqP9FGady5a3CTi2X","6bhnPNMvFDg46TPY6J8ffl","7dq4ImBkFI/boBTnY9xNCJ@f043c","7dq4ImBkFI/boBTnY9xNCJ@09ca1","7dq4ImBkFI/boBTnY9xNCJ@bf68f","7dq4ImBkFI/boBTnY9xNCJ@cf5ee","7dq4ImBkFI/boBTnY9xNCJ@989ed","7dq4ImBkFI/boBTnY9xNCJ@c0f44","f7lHoLBitJbqANxAkzxO+v@6c48a","95EkngnxZFbYuFpsqVTaFr@6c48a","77Jxo+QgFN7r75c6yBKIJP@6c48a","daVcQDHd5IeZgUcXY9mBpP@f56ea","f1d4pCa5tKGoz0pALdW3Gy","12Y9dMgWdJKJGmTiZyQR9H@2e76e","32X+qZaepPDqt6JL+gO3ph","c7U0HiJrNNj7LsBz0f9AzU@6c48a","6acn0ZpXBOB6p0igNb2+OQ@f9941","7dq4ImBkFI/boBTnY9xNCJ@139d3","11Mn3tAGtDH4q5TpA7iucN@6c48a","daVcQDHd5IeZgUcXY9mBpP@76a1c","daVcQDHd5IeZgUcXY9mBpP@4e34d","daVcQDHd5IeZgUcXY9mBpP@aebf4","daVcQDHd5IeZgUcXY9mBpP@989ed","daVcQDHd5IeZgUcXY9mBpP@cf5ee","daVcQDHd5IeZgUcXY9mBpP@6018c","dataqsx/lJRbTkB46El4Dh@f9941","8311+fXshO+raPqEV9/nl0@f9941","04ttzTsStJva40gDrfBjC2@6c48a","a3zQCfCrBCDZJ4uf2rk5u8","99426U4VZDnZp90SfHZZd8@22e2a","99426U4VZDnZp90SfHZZd8@0b4a2"],["node","targetInfo","root","data","_parent","_spriteFrame","asset","mainTexture","_effectAsset","value","_particleSystem","_mainTexture","_cpuMaterial","_textureSource","_target","_normalSprite","_hoverSprite","_pressedSprite","_disabledSprite","prefabRootNode","_mesh","_defaultClip","_skeleton","automaticCreatTimeLabel","gebuling","langren","target","_checkMark","m_TipJoystick","m_JoyStickPoint","m_JoyStickBack","m_LearnMore","m_returnLab","m_window","m_TipLabel","m_SkillCoolBar","m_SkillBut","m_learnMore","m_GoldLab"],[["cc.Node",["_name","_layer","_objFlags","__editorExtras__","_active","_prefab","_parent","_components","_children","_lpos","_lscale","_lrot","_euler"],-2,4,1,9,2,5,5,5,5],"cc.ImageAsset","cc.Texture2D",["cc.RealKeyframeValue",["interpolationMode","value","leftTangent","rightTangent","rightTangentWeight","leftTangentWeight"],-3],"cc.SpriteFrame",["cc.Widget",["_alignFlags","_originalWidth","_right","_top","_originalHeight","_verticalCenter","_left","_bottom","_horizontalCenter","node","__prefab"],-6,1,4],["cc.Node",["_name","_active","_prefab","_lrot","_euler","_components","_parent","_lpos","_children","_lscale"],1,4,5,5,2,1,5,12,5],["cc.ShapeModule",["_enable","radius","emitFrom","_shapeType","_angle","length","radiusThickness","arcSpeed","_scale"],-4,4,5],["cc.ParticleSystemRenderer",["_renderMode","_velocityScale","_lengthScale","_mainTexture","_cpuMaterial","_mesh"],0,6,6,6],["cc.CurveRange",["mode","constantMax","constantMin","constant","multiplier","spline"],-2,4],["cc.Label",["_string","_actualFontSize","_fontSize","_overflow","_enableOutline","_outlineWidth","_isBold","_enableWrapText","_lineHeight","node","__prefab","_color"],-6,1,4,5],["cc.ParticleSystem",["duration","_prewarm","_dataCulling","loop","_capacity","scaleSpace","_simulationSpace","node","__prefab","_materials","startColor","startSizeX","startSizeY","startSizeZ","startSpeed","startRotationX","startRotationY","startRotationZ","startDelay","startLifetime","gravityModifier","rateOverTime","rateOverDistance","_trailModule","renderer","_colorOverLifetimeModule","_shapeModule","_sizeOvertimeModule","_velocityOvertimeModule","_forceOvertimeModule","_limitVelocityOvertimeModule","_rotationOvertimeModule","_textureAnimationModule","_noiseModule","bursts"],-4,1,4,12,4,4,4,4,4,4,4,4,4,4,4,4,4,4,4,4,4,4,4,4,4,4,4,4,9],["cc.Sprite",["_sizeMode","_type","_fillType","_fillStart","_fillRange","node","__prefab","_spriteFrame","_color","_fillCenter"],-2,1,4,6,5,5],["cc.Node",["_name","_layer","_active","_objFlags","_parent","_prefab","_lpos","_components","_children","_lrot","_euler"],-1,1,4,5,12,9,5,5],["cc.Button",["_transition","node","__prefab","clickEvents","_normalColor","_target","_normalSprite","_hoverSprite","_pressedSprite","_disabledSprite"],2,1,4,9,5,1,6,6,6,6],["cc.Material",["_defines","_states","_name","_techIdx","_props"],-1,12],["cc.ParticleSystem",["duration","_prewarm","_capacity","_simulationSpace","loop","node","__prefab","_materials","startColor","startSizeX","startSizeY","startSizeZ","startSpeed","startRotationX","startRotationY","startRotationZ","startDelay","startLifetime","gravityModifier","rateOverTime","rateOverDistance","_colorOverLifetimeModule","_shapeModule","_sizeOvertimeModule","_velocityOvertimeModule","_forceOvertimeModule","_limitVelocityOvertimeModule","_rotationOvertimeModule","_textureAnimationModule","_noiseModule","_trailModule","renderer","bursts"],-2,1,4,3,4,4,4,4,4,4,4,4,4,4,4,4,4,4,4,4,4,4,4,4,4,4,4,4,9],["cc.GradientRange",["_mode","gradient","color","colorMin","colorMax"],2,4,5,5,5],["cc.CapsuleCharacterController",["_radius","_height","_minMoveDistance","_stepOffset","_slopeLimit","_skinWidth","_group","node","__prefab","_center"],-4,1,4,5],["cc.ColorKey",["time","color"],2,5],["cc.AlphaKey",["alpha","time"],1],["cc.TextureAnimationModule",["_enable","_numTilesX","_numTilesY","cycleCount","animation","frameOverTime","startFrame"],-2,4,4],["cc.UITransform",["node","__prefab","_contentSize","_anchorPoint"],3,1,4,5,5],["cc.Node",["_name","_children","_components","_prefab","_lpos"],2,12,9,4,5],["cc.Node",["_name","_objFlags","_layer","_parent","_children","_components","_prefab","_lpos"],0,1,2,12,4,5],["cc.PrefabInfo",["fileId","instance","targetOverrides","nestedPrefabInstanceRoots","root","asset"],-1,1,1],["cc.ParticleSystem",["_materials","startSize3D","startRotation3D","duration","_prewarm","node","__prefab","startColor","startSizeX","startSizeY","startSizeZ","startSpeed","startRotationX","startRotationY","startRotationZ","startDelay","startLifetime","gravityModifier","rateOverTime","rateOverDistance","_colorOverLifetimeModule","_shapeModule","_sizeOvertimeModule","_velocityOvertimeModule","_forceOvertimeModule","_limitVelocityOvertimeModule","_rotationOvertimeModule","_textureAnimationModule","_noiseModule","_trailModule","renderer","bursts"],-2,1,4,4,4,4,4,4,4,4,4,4,4,4,4,4,4,4,4,4,4,4,4,4,4,4,4,9],["cc.ColorOvertimeModule",["_enable","color"],2,4],["cc.SizeOvertimeModule",["_enable","size","x","y","z"],2,4,4,4,4],["cc.RealCurve",["_times","preExtrapolation","_values"],1,9],["cc.VelocityOvertimeModule",["_enable","x","y","z","speedModifier"],2,4,4,4,4],["cc.ForceOvertimeModule",["_enable","space","x","y","z"],1,4,4,4],["cc.LimitVelocityOvertimeModule",["_enable","dampen","limitX","limitY","limitZ","limit"],1,4,4,4,4],["cc.RotationOvertimeModule",["_enable","x","y","z"],2,4,4,4],["cc.TrailModule",["_enable","_minParticleDistance","lifeTime","widthRatio","colorOverTrail","colorOvertime","_particleSystem"],1,4,4,4,4,1],["cc.Animation",["playOnLoad","node","__prefab","_clips","_defaultClip"],2,1,4,3,6],["cc.MeshRenderer",["_name","_shadowCastingMode","node","__prefab","_materials","bakeSettings","_mesh"],1,1,4,3,4,6],["cc.AudioClip",["_name","_native","_duration"],0],["cc.JsonAsset",["_name","json"],1],["cc.Mesh",["_native","_hash","_struct"],0],["cc.Mesh",["_native","_hash","_struct"],1,11],["cc.Skeleton",["_name","_hash","_joints","_bindposes"],0,12],["cc.Prefab",["_name"],2],["cc.Node",["_name","_children","_components","_prefab","_lpos"],2,2,2,4,5],["cc.SkeletalAnimation",["node","__prefab","_clips","_defaultClip"],3,1,4,3,6],["cc.CompPrefabInfo",["fileId"],2],["cc.PrefabInfo",["fileId","instance","targetOverrides","root","asset","nestedPrefabInstanceRoots"],0,1,1,2],["cc.PrefabInfo",["fileId","targetOverrides","nestedPrefabInstanceRoots","root","instance","asset"],0,1,4,6],["cc.PrefabInfo",["fileId","instance","root","asset","targetOverrides","nestedPrefabInstanceRoots"],1,1,1,9,2],["cc.SkinnedMeshRenderer",["node","__prefab","_materials","bakeSettings","_skinningRoot","_mesh","_skeleton"],3,1,4,3,4,1,6,6],["cc.ModelBakeSettings",[],3],["cc.Burst",["count"],3,4],["cc.Gradient",["colorKeys","alphaKeys"],3,9,9],["cc.NoiseModule",[],3],["7f2c2ovNmJBl6tThMCxH00s",["node","__prefab","langren","gebuling","automaticCreatTimeLabel"],3,1,4,1,1,1],["cc.ClickEvent",["_componentId","handler","target"],1,1],["d36efmj6GNN/7OuXg2LNRoo",["dira","moveTime","node","__prefab","moveNode"],1,1,4,1],["cc.Toggle",["node","__prefab","clickEvents","_normalColor","_target","_checkMark","_normalSprite"],3,1,4,9,5,1,1,6],["cc.TargetInfo",["localID"],2],["cc.PrefabInstance",["fileId","prefabRootNode","propertyOverrides"],2,1,9],["CCPropertyOverrideInfo",["value","propertyPath","targetInfo"],1,1],["CCPropertyOverrideInfo",["propertyPath","targetInfo","value"],2,1,8],["CCPropertyOverrideInfo",["propertyPath","targetInfo","value"],2,4,8],["CCPropertyOverrideInfo",["value","propertyPath","targetInfo"],1,4],["CCPropertyOverrideInfo",["propertyPath","targetInfo","value"],2,1,1],["CCPropertyOverrideInfo",["propertyPath","targetInfo","value"],2,1,6],["CCPropertyOverrideInfo",["propertyPath","targetInfo","value"],2,1,4],["CCPropertyOverrideInfo",["propertyPath","targetInfo","value"],2,4,4],["848c8a0yl1CdKH5vFlmjRCi",["node","__prefab"],3,1,4],["cc.TargetOverrideInfo",["propertyPath","source","sourceInfo","target","targetInfo"],2,1,4,1,4],["0ec49adlxxIrooQHakj/ioN",["node","__prefab","m_JoyStickBack","m_JoyStickPoint","m_TipJoystick"],3,1,4,1,1,1],["cc.UIOpacity",["_opacity","node","__prefab"],2,1,4],["cc.BlockInputEvents",["node","__prefab"],3,1,4],["37399KHP8FKl5WHp0SZieam",["node","__prefab","m_TipLabel","m_window","m_returnLab","m_LearnMore"],3,1,4,1,1,1,1],["ababfXEpL9Ihp+bZ48lBxW8",["node","__prefab"],3,1,4],["cfa23tB9sZH94DBcOpStLYg",["m_buffTime","m_skillCoolTime","m_AddValue","node","__prefab","m_GoldLab","m_learnMore","m_SkillBut","m_SkillCoolBar"],0,1,4,1,1,1,1],["cc.Mask",["_type","node","__prefab"],2,1,4],["cc.Graphics",["_miterLimit","node","__prefab","_fillColor"],2,1,4,5],["cc.ProgressBar",["_mode","_progress","node","__prefab","_barSprite"],1,1,4,1]],[[9,1],[60,0,1,2,3],[58,0,2],[45,0,2],[25,0,1,2,3,4,5,5],[9,3,2],[61,0,1,2,2],[22,0,1,2,1],[62,0,1,2,2],[17,1],[42,0,2],[69,0,1,2,3,4,2],[29,0,2,2],[9,0,5,2],[20,0,1,3],[47,0,1,2,3,4,5,4],[59,0,1,2,2],[9,0,2,1,4],[3,0,1,3],[63,0,1,2,3],[66,0,1,2,2],[37,0,1,2,4],[19,0,1,2],[0,0,6,8,5,9,11,12,2],[0,2,3,6,5,3],[53,1],[33,1,2,3,1],[65,0,1,2,2],[0,0,1,6,8,7,5,9,3],[3,0,1,4,5,5],[34,2,3,4,5,6,1],[28,0,1,2,3,4,2],[31,2,3,4,1],[32,2,3,4,5,1],[13,0,4,8,5,6,9,10,2],[17,0,1,2],[27,0,1,2],[52,0,1,1],[30,1,2,3,4,1],[21,5,6,1],[51,0,1],[38,0,1,3],[15,2,1,0,4,4],[0,0,6,5,9,11,12,2],[12,1,0,5,6,7,3],[55,0,1,2,3],[0,0,8,5,2],[17,2,1],[3,0,5,3],[5,0,2,5,9,10,4],[3,0,1,5,4],[12,0,5,6,7,2],[8,4,3,1],[46,0,1,2,3,4,5,4],[9,0,1,3],[10,0,1,2,3,7,9,10,11,6],[67,0,1,2,2],[0,0,2,1,6,7,5,4],[0,2,3,5,3],[48,0,1,2,3,4,5,3],[9,0,4,5,3],[7,2,7,2],[3,0,1,4,4],[5,0,1,4,9,10,4],[14,0,1,2,3,4,5,6,7,8,9,2],[0,0,6,5,9,2],[0,0,1,8,7,5,3],[0,0,1,6,7,5,3],[6,0,5,2,3,4,2],[6,0,6,5,2,3,9,4,2],[29,1,0,2,3],[3,0,1,3,4,2,5,7],[50,1],[27,1,1],[3,0,1,3,2,5,6],[3,0,3,4,2,5],[3,0,4,3],[30,0,1,2,3,4,2],[10,0,1,2,6,9,10,11,5],[15,1,0,4,3],[15,2,3,1,0,4,5],[0,0,8,7,5,2],[0,0,8,5,9,11,12,2],[0,0,1,6,7,5,9,3],[0,0,5,2],[13,0,3,1,4,7,5,6,4],[11,0,1,7,8,9,10,11,12,13,14,15,16,17,18,19,20,21,22,34,25,26,27,28,29,30,31,32,33,23,24,3],[17,0,3,4,2],[20,0,2],[28,1,2,3,4,1],[3,0,3,4,2,5,6],[31,0,1,2,3,4,3],[32,0,1,2,3,4,5,3],[21,0,1,2,3,5,6,5],[22,0,1,1],[5,0,5,9,10,3],[39,0,1,2,4],[41,0,1,2,3,4],[0,0,6,8,5,11,12,2],[0,0,6,7,5,2],[0,0,1,6,8,7,5,3],[13,0,1,4,7,5,6,3],[23,0,1,2,3,2],[44,0,1,2,3,1],[49,0,1,2,3,4,5,6,1],[11,0,3,7,8,9,10,11,12,13,14,15,16,17,18,19,20,21,22,34,25,26,27,28,29,30,31,32,33,23,24,3],[9,0,2],[7,0,3,1,7,4],[7,7,1],[3,0,3,2,4],[3,0,1,3,2,5],[64,0,1,2,2],[35,0,1,2,3,4,2],[40,0,1,2,3],[0,0,2,8,5,3],[6,0,5,2,2],[25,0,1,3,2,4,5,5],[11,0,2,7,8,9,10,11,12,13,14,15,16,17,18,19,20,21,22,34,23,24,3],[16,0,1,5,6,7,8,9,10,11,12,13,14,15,16,17,18,19,20,32,21,22,23,24,25,26,27,28,29,30,31,3],[3,0,1,3,4,2,6],[3,0,2,3],[34,0,1,2,3,4,5,6,3],[8,0,1,4,3,3],[8,3,1],[5,0,7,8,9,10,4],[5,0,6,3,9,10,4],[12,0,5,6,8,7,2],[14,0,1,2,3,4,5,6,2],[10,0,1,3,7,6,4,5,9,10,8],[72,0,1,1],[15,2,0,4,3],[0,0,6,8,5,2],[0,0,2,1,6,7,5,9,4],[0,0,6,5,9,10,2],[0,0,8,5,10,2],[0,0,6,7,5,9,10,2],[0,0,8,5,9,2],[0,0,1,8,7,5,9,3],[0,0,1,8,7,5,9,10,3],[0,0,4,1,6,8,7,5,9,10,4],[0,0,2,4,1,6,7,5,5],[0,0,6,7,5,9,2],[0,0,2,1,6,8,7,5,4],[0,0,1,6,7,5,9,10,3],[0,0,6,8,7,5,11,10,12,2],[6,0,8,2,7,3,4,2],[6,0,1,6,5,2,3,4,3],[6,0,6,5,2,2],[6,0,6,5,2,3,4,2],[6,0,6,8,2,7,3,4,2],[6,0,6,5,2,7,3,9,4,2],[13,0,1,4,7,5,3],[13,0,2,1,4,7,5,6,4],[43,0,1,2,3,4,2],[23,0,1,2,3,4,2],[24,0,1,2,3,4,5,6,7,4],[24,0,1,2,3,4,5,6,4],[11,0,4,7,8,9,10,11,12,13,14,15,16,17,18,19,20,21,22,25,26,27,28,29,30,31,32,33,23,24,3],[11,5,0,6,7,8,9,10,11,12,13,14,15,16,17,18,19,20,21,22,25,26,27,28,29,30,31,32,33,23,24,4],[11,0,7,8,9,10,11,12,13,14,15,16,17,18,19,20,21,22,25,26,27,28,29,30,31,32,33,23,24,2],[16,5,6,7,8,9,10,11,12,13,14,15,16,17,18,19,20,21,22,23,24,25,26,27,28,29,30,31,1],[16,2,3,5,6,7,8,9,10,11,12,13,14,15,16,17,18,19,20,32,21,22,23,24,25,26,27,28,29,30,31,3],[16,0,4,5,6,7,8,9,10,11,12,13,14,15,16,17,18,19,20,32,21,22,23,24,25,26,27,28,29,30,31,3],[26,1,2,0,5,6,7,8,9,10,11,12,13,14,15,16,17,18,19,20,21,22,23,24,25,26,27,28,29,30,4],[26,3,4,0,5,6,7,8,9,10,11,12,13,14,15,16,17,18,19,31,20,21,22,23,24,25,26,27,28,29,30,4],[19,1],[19,0,2],[20,1],[7,0,3,2,1,7,5],[7,0,2,1,4,7,5],[7,0,3,2,7,8,4],[7,0,1,5,4,7,5],[7,0,3,1,6,5,4,7,7],[7,0,2,1,5,4,7,6],[3,0,1,3,4],[3,0,1,2,4],[33,0,1,2,3,2],[21,0,1,2,4,3,5,6,6],[8,0,5,3,2],[8,1,3,2],[8,0,1,4,3],[8,1,2,4,3,3],[8,0,4,3,2],[22,0,1,3,1],[5,0,6,2,1,9,10,5],[5,0,3,1,4,9,10,5],[5,0,3,7,5,1,4,9,10,7],[5,0,6,2,3,7,5,1,4,9,10,9],[5,0,2,9,10,3],[5,0,2,3,9,10,4],[54,0,1,2,3,4,1],[12,5,6,7,1],[12,0,5,6,2],[12,1,2,0,3,4,5,6,8,9,6],[14,0,1,2,3,4,5,2],[14,0,1,2,3,2],[14,1,2,4,5,1],[56,0,1,2,3,4,3],[57,0,1,2,3,4,5,6,1],[10,0,1,2,8,9,10,11,5],[10,0,1,2,8,4,5,9,10,7],[10,0,1,2,8,3,4,5,9,10,8],[10,0,1,2,3,7,6,4,5,9,10,9],[68,0,1,1],[35,1,2,1],[18,2,3,4,0,1,7,8,9,6],[18,0,1,7,8,9,3],[18,2,3,4,5,0,1,7,8,9,7],[18,6,2,3,4,5,0,1,7,8,9,8],[36,0,2,3,4,5,6,2],[36,1,2,3,4,5,6,2],[70,0,1,2,3,4,1],[71,0,1,2,2],[73,0,1,2,3,4,5,1],[74,0,1,1],[75,0,1,2,3,4,5,6,7,8,4],[76,0,1,2,2],[77,0,1,2,3,2],[78,0,1,2,3,4,3]],[[[[21,"CloseAttack",".mp3",0.339592],-1],0,0,[],[],[]],[[[41,"Scene",{"1":{"AssetName":"MainGame","BackgroundMusicId":1,"Id":1,"note":"菜单"},"2":{"AssetName":"Main","BackgroundMusicId":2,"Id":2,"note":"场景"}}]],0,0,[],[],[]],[[{"fmt":"0","w":0,"h":0},-1],[1],0,[],[],[]],[[{"base":"2,2,2,2,0,0","mipmaps":["04ttzTsStJva40gDrfBjC2"]}],[2],0,[],[],[]],[[[79,[{"rasterizerState":{},"depthStencilState":{},"blendState":{"targets":[{}]}},{"rasterizerState":{},"depthStencilState":{},"blendState":{"targets":[{}]}},{"rasterizerState":{},"depthStencilState":{},"blendState":{"targets":[{}]}},{"rasterizerState":{},"depthStencilState":{},"blendState":{"targets":[{}]}},{"rasterizerState":{},"depthStencilState":{},"blendState":{"targets":[{}]}},{"rasterizerState":{},"depthStencilState":{},"blendState":{"targets":[{}]}},{"rasterizerState":{},"depthStencilState":{},"blendState":{"targets":[{}]}}],[{"USE_OUTLINE_PASS":true},{"USE_BASE_COLOR_MAP":true,"BASE_COLOR_MAP_AS_SHADE_MAP_1":true,"BASE_COLOR_MAP_AS_SHADE_MAP_2":true},{},{},{},{},{}],[[{"depthBias":0.1},[{},"mainTexture",6,0],{},{},{},{},{}],0,11,0,0,0,0,0]]],0,0,[0,0],[7,8],[54,9]],[[[96,".bin",2794739807,{"cluster":true,"encoded":true,"compressed":true,"primitives":[{"primitiveMode":7,"jointMapIndex":0,"vertexBundelIndices":[0],"indexView":{"offset":32436,"length":645,"count":1866,"stride":4},"cluster":{"clusterView":{"offset":79204,"length":496,"count":14,"stride":16},"vertexView":{"offset":87140,"length":7936,"count":852,"stride":4},"triangleView":{"offset":133268,"length":46128,"count":1866,"stride":12}}}],"vertexBundles":[{"view":{"offset":0,"length":32434,"count":852,"stride":88},"attributes":[{"name":"a_position","format":32,"isNormalized":false},{"name":"a_normal","format":32,"isNormalized":false},{"name":"a_texCoord","format":21,"isNormalized":false},{"name":"a_tangent","format":44,"isNormalized":false},{"name":"a_joints","format":42,"isNormalized":false},{"name":"a_weights","format":44,"isNormalized":false},{"name":"a_color","format":44,"isNormalized":false}]}],"minPosition":{"x":-41.263343811035156,"y":-22.73015785217285,"z":-0.00429725693538785},"maxPosition":{"x":72.32594299316406,"y":22.68108558654785,"z":108.3606948852539},"jointMaps":[[0,2,3,4,6,7,8,9,10,11,12,13,14,15,16,17,18,19]]}],-1],0,0,[],[],[]],[[[97,"SkeletalMeshComponent0Shape",4102846767,["DJMod/DJ","DJMod/DJ/DeformationSystem","DJMod/DJ/DeformationSystem/Root_M","DJMod/DJ/DeformationSystem/Root_M/Spine1_M","DJMod/DJ/DeformationSystem/Root_M/Spine1_M/Chest_M","DJMod/DJ/DeformationSystem/Root_M/Spine1_M/Chest_M/Neck_M","DJMod/DJ/DeformationSystem/Root_M/Spine1_M/Chest_M/Neck_M/Head_M","DJMod/DJ/DeformationSystem/Root_M/Spine1_M/Chest_M/Shoulder_R","DJMod/DJ/DeformationSystem/Root_M/Spine1_M/Chest_M/Shoulder_R/Elbow_R","DJMod/DJ/DeformationSystem/Root_M/Spine1_M/Chest_M/Shoulder_R/Elbow_R/Wrist_R","DJMod/DJ/DeformationSystem/Root_M/Spine1_M/Chest_M/Shoulder_L","DJMod/DJ/DeformationSystem/Root_M/Spine1_M/Chest_M/Shoulder_L/Elbow_L","DJMod/DJ/DeformationSystem/Root_M/Spine1_M/Chest_M/Shoulder_L/Elbow_L/Wrist_L","DJMod/DJ/DeformationSystem/Root_M/Hip_R","DJMod/DJ/DeformationSystem/Root_M/Hip_R/Knee_R","DJMod/DJ/DeformationSystem/Root_M/Hip_R/Knee_R/Ankle_R","DJMod/DJ/DeformationSystem/Root_M/Hip_L","DJMod/DJ/DeformationSystem/Root_M/Hip_L/Knee_L","DJMod/DJ/DeformationSystem/Root_M/Hip_L/Knee_L/Ankle_L","DJMod/DJ/DeformationSystem/Arms"],[[[7,1,0,0,0,0,1,0,0,0,0,1,0,0,0,0,1],[7,1,0,0,0,0,3.989999868281302e-7,-1,0,0,1,3.989999868281302e-7,0,0.00001716599945211783,0,-0.0004305840120650828,1],[7,0.00002966899955936242,-0.00002312700053153094,1,0,0.1391834169626236,-0.9902666211128235,-0.00002703199970710557,0,0.9902666211128235,0.1391834169626236,-0.000026161000278079882,0,-40.18407440185547,1.953858733177185,0.0012545729987323284,1],[7,0.00003181699867127463,-0.000030015000447747298,0.9999994039535522,0,0.02061563730239868,-0.9997868537902832,-0.00003066499994019978,0,0.9997868537902832,0.02061563916504383,-0.00003119100074400194,0,-47.167091369628906,7.608245849609375,0.0015707360580563545,1],[7,0.00002125100036209915,-0.00004190500112599693,0.9999984502792358,0,-0.009620302356779575,-0.9999521970748901,-0.000041699000576045364,0,0.9999521970748901,-0.009620301425457,-0.00002165300065826159,0,-57.64006423950195,9.355145454406738,0.0011172359809279442,1],[7,-0.000009002999831864145,-0.000070012996729929,0.9999984502792358,0,-0.13870511949062347,-0.9903321862220764,-0.00007058500341372564,0,0.9903321862220764,-0.13870511949062347,-7.950000053824624e-7,0,-64.79540252685547,17.87462043762207,-0.000021236999600660056,1],[7,-0.00010481700155651197,-0.00015536400314886123,0.9999984502792358,0,-0.0002551760117057711,-0.9999983906745911,-0.00015539099695160985,0,0.9999983906745911,-0.00025519198970869184,0.00010477699834154919,0,-76.26264190673828,7.387002468109131,-0.007447822019457817,1],[7,-0.7434864044189453,0.45491015911102295,-0.4901852607727051,0,-0.06753713637590408,-0.7803159356117249,-0.6217255592346191,0,-0.6653296947479248,-0.42913946509361267,0.610878586769104,0,32.98869323730469,38.447383880615234,-38.55518341064453,1],[7,-0.16001668572425842,0.8568026423454285,-0.4901844263076782,0,-0.6247552633285522,-0.47237345576286316,-0.6217243075370789,0,-0.7642463445663452,0.20675934851169586,0.6108805537223816,0,40.718868255615234,12.254429817199707,-38.555274963378906,1],[7,-0.16008517146110535,0.8567767143249512,-0.4902077615261078,0,-0.624916136264801,-0.4723866283893585,-0.6215528845787048,0,-0.7641006708145142,0.20683762431144714,0.611036479473114,0,26.26629066467285,12.250535011291504,-38.56196975708008,1],[7,-0.7434953451156616,0.45493701100349426,-0.49014681577682495,0,0.06758007407188416,0.7803022861480713,0.6217380166053772,0,0.6653153300285339,0.42913582921028137,-0.6108967661857605,0,-32.98679733276367,-38.44689178466797,38.556610107421875,1],[7,-0.16057154536247253,0.8567206263542175,-0.4901463985443115,0,0.6244575381278992,0.47274813055992126,0.621738612651825,0,0.764373242855072,-0.2062423825263977,-0.6108964681625366,0,-40.70816421508789,-12.283732414245605,38.55657958984375,1],[7,-0.16079778969287872,0.8561738729476929,-0.49102675914764404,0,0.6238238215446472,0.47368931770324707,0.621658444404602,0,0.7648430466651917,-0.20635318756103516,-0.6102707982063293,0,-26.277925491333008,-12.263737678527832,38.55291748046875,1],[7,-0.030858715996146202,-0.01131753996014595,-0.9994596838951111,0,-0.0471847727894783,-0.9988045692443848,0.012766971252858639,0,-0.9984093904495239,0.047553252428770065,0.030287811532616615,0,30.76249885559082,6.247966289520264,-7.944507598876953,1],[7,-0.02976158633828163,-0.01394973136484623,-0.9994596838951111,0,0.03956765681505203,-0.9991353154182434,0.012766971252858639,0,-0.9987735748291016,-0.03916631266474724,0.030287811532616615,0,16.07495880126953,7.670186996459961,-7.944507598876953,1],[7,-0.00016476000018883497,-0.12358038872480392,-0.9923346042633057,0,0.0010006939992308617,-0.9923341274261475,0.12358016520738602,0,-0.9999995231628418,-0.0009726620046421885,0.0002871630131267011,0,2.5490288734436035,6.668047904968262,-8.663990020751953,1],[7,-0.03063841164112091,-0.013284193351864815,-0.9994422793388367,0,0.04709608107805252,0.9987819194793701,-0.014719169586896896,0,0.9984203577041626,-0.04752078652381897,-0.02997545711696148,0,-30.763303756713867,-6.234825134277344,7.949525833129883,1],[7,-0.029377538710832596,-0.015878988429903984,-0.9994422793388367,0,-0.0392833948135376,0.9991196990013123,-0.014719169586896896,0,0.9987961649894714,0.03882906958460808,-0.02997545711696148,0,-16.079736709594727,-7.651199817657471,7.949525833129883,1],[7,0.0025756501127034426,-0.12540897727012634,-0.992101788520813,0,0.0004769850056618452,0.9921051263809204,-0.12540817260742188,0,0.999996542930603,-0.00015021000581327826,0.002615133998915553,0,-2.5808210372924805,-6.647232532501221,8.659502029418945,1],[7,0.9999999403953552,-0.00006487099744845182,-0.00034093399881385267,0,-0.0003409429918974638,-0.00012559400056488812,-0.9999999403953552,0,0.00006482900062110275,1,-0.0001256160030607134,0,25.354717254638672,-37.51571273803711,-4.221538543701172,1]],8,8,8,8,8,8,8,8,8,8,8,8,8,8,8,8,8,8,8,8]]],0,0,[],[],[]],[[[10,"DJHC"],[81,"DJHC",[-3],[[103,-2,[3,"b7BPS0Z7ZYXrdwIFlbZeHJ"],[3,4,5,6],7]],[4,"16PWhdtIJSSJceWC2Qo+Yh",null,null,null,-1,0]],[82,"Root_M",[-4,-5,-6],[4,"9d7s0BYFNabb8kgJmIbfV8",null,null,null,1,0],[1,0,39.5210075378418,-7.528213024139404],[3,0.46390181587936014,0.5336493231629749,0.46390041517021374,0.5336758472297902],[1,0.010745957145199936,89.98781106496727,81.999425950313]],[82,"Chest_M",[-7,-8,-9],[4,"39Fxt4PV9bhZ1vc9lwAIte",null,null,null,1,0],[1,10.729515075683594,0,0],[3,-0.000005542999906470724,0.000004738999788691011,0.01511821206684672,0.9998857132746315],[1,-0.0006436125524218998,0.0005528428276421831,1.7324854878892337]],[98,"DJMod",1,[-10,-11],[4,"79S2qb5dtWQYMxCN+xuMc3",null,null,null,1,0],[3,-0.7071067811865476,0,0,0.7071067811865476],[1,-90.00000000000003,0,0]],[145,"DeformationSystem",[[2,[43,"Arms",-12,[4,"71Cu0DfpRcepWfcqIchOpw",null,null,null,1,0],[1,-25.35857200622559,37.5135383605957,4.217189788818359],[3,0.00006300199931465986,-0.00017046899011449463,0.00003242499896486164,0.9999999829598455],[1,0.007220130634387436,-0.019534541521664714,0.0037144004216742893]]],1,4],[4,"dc5vAv/kBeEaA6gZo3+UgG",null,null,null,1,0],[1,-0.00001716599945211783,-0.0004305840120650828,0],[3,0.7071066321749235,0,0,0.70710693019814],[1,89.9999758516352,0,0]],[99,"SkeletalMeshComponent0",4,[[104,-13,[3,"a0JwzXoJNdx7973z8ApblV"],[0],[72],1,1,2]],[4,"ddVWTrHlBaYbutsS0ViZ7P",null,null,null,1,0]],[131,"DJ",4,[5],[4,"fbDcDIqCBasY8d1HXAuvXa",null,null,null,1,0]],[23,"Spine1_M",2,[3],[4,"d49Fqd9blWpbOGVUELHo1S",null,null,null,1,0],[1,7.552753925323486,0.0000018780000345941517,-0.00004857800013269298],[3,-0.0000016090000551845427,-0.000002651999950632284,0.05947470731433544,0.9982298128087802],[1,-0.00016715983696572001,-0.00029447630468333976,6.819323735794636]],[34,"Neck_M",3,[[43,"Head_M",-14,[4,"56cHHExnRf2IoE6LhyWZfd",null,null,null,1,0],[1,9.710005760192873,0,0],[3,-0.00003862399926631614,0.00005561099936899905,-0.06939359059026669,0.9975893569002197],[1,-0.004011737431356112,0.006108888587803764,-7.958315870680399]]],[4,"6deXu8INNfWJAQyJMQicme",null,null,null,1,0],[1,8.921391487121582,0,0],[3,-0.000013627999836133237,0.00001147399983747422,0.06472149613615429,0.9979033658729299],[1,-0.0016573618305773645,0.0014250783344791477,7.42172473092099]],[23,"Shoulder_R",3,[-15],[4,"eeGpBtwIRUHY09YwToE7ql",null,null,null,1,0],[1,4.277644634246826,0.5012241005897522,-11.863231658935549],[3,-0.10138651036646969,0.8572090909055674,0.31229081913397627,0.3967213055397839],[1,-38.136204252659184,131.79686186202377,4.241811502332526]],[34,"Elbow_R",10,[[43,"Wrist_R",-16,[4,"05KHbLm6NRo5lLfHhPrwRW",null,null,null,1,0],[1,14.44458293914795,0,0],[3,0.00003436200107273811,-0.00011128200197683915,0.000023722999517990433,0.9999999929363941],[1,0.0039378977690716225,-0.012752071539203148,0.0027180172978757285]]],[4,"e2OkSEYwZaUaxQIlzNrpHV",null,null,null,1,0],[1,14.82270622253418,0,0],[3,2.4900001406705146e-7,-0.0000012069999884022322,0.4064220555365138,0.9136854561455796],[1,0.00012287682808970229,-0.0002060357447950498,47.960542396641145]],[23,"Shoulder_L",3,[-17],[4,"1f6rskqFNWv4ZvRR67ed4M",null,null,null,1,0],[1,4.277643203735352,0.5012240409851074,11.863231658935549],[3,0.8572040021654889,0.10139741537333401,-0.39674770005529963,0.3122677141939368],[1,141.8659635424202,48.206781183044846,-4.240690482558245]],[34,"Elbow_L",12,[[43,"Wrist_L",-18,[4,"beWrYrC3hXD6HApxZEszZe",null,null,null,1,0],[1,-14.444958686828613,0,0],[3,0.0004605049855194279,0.00028490999505135394,-0.000295280999397221,0.999999809785274],[1,0.052779631269417086,0.03266386373880703,-0.03382167090375851]]],[4,"f5dtYGAg5bW7huQV1ktvsF",null,null,null,1,0],[1,-14.824222564697266,0,0],[3,-3.730000006935817e-7,1.1899999749721213e-7,0.40611794013937974,0.9138206709725896],[1,-0.00006654928879700931,0.00004449806905550773,47.92240402155712]],[23,"Hip_R",2,[-19],[4,"3c4JTqi+tSZp+nm93PevBX",null,null,null,1,0],[1,-8.74088191986084,-1.4966137409210205,-6.919970512390137],[3,-0.0460959153347555,0.9988020700969517,-0.004929859212144695,0.015661668099012795],[1,0.4835825474145817,178.22564936643786,-5.2922447684290415]],[34,"Knee_R",14,[[43,"Ankle_R",-20,[4,"3a9s7v7iBebJQksvACZIlv",null,null,null,1,0],[1,14.05551528930664,0,0],[3,0.05521477603924536,0.016091001699777178,0.01822912641863762,0.9981783944372102],[1,6.299272851204453,1.72671517633741,2.187440344017429]]],[4,"dc9M/o+F9Yf7wAilTwR+DR",null,null,null,1,0],[1,14.083200454711914,0,0],[3,0,0,-0.043380065798173696,0.9990586418681068],[1,0,0,-4.972549785138898]],[23,"Hip_L",2,[-21],[4,"41bNVIx/Ne/rpJoAVZz985",null,null,null,1,0],[1,-8.74088191986084,-1.4966137409210205,6.919970512390137],[3,-0.9987957384316077,-0.04612600387780238,0.015625770989200302,0.005941375103254962],[1,-179.40000720972705,1.764836973354714,5.297468275553534]],[34,"Knee_L",16,[[43,"Ankle_L",-22,[4,"04MuXfki5b+owxlfTzZyKW",null,null,null,1,0],[1,-14.055512428283691,0,0],[3,0.05514770664763252,0.017342179757466505,0.018710491902394006,0.9981522412666],[1,6.288056524129701,1.8671252163464873,2.2502744280473954]]],[4,"b57CoY+2JQ3IuaaYwk3X5Z",null,null,null,1,0],[1,-14.083202362060549,0,0],[3,0,0,-0.0431947493430639,0.9990666712633297],[1,0,0,-4.95129415987477]]],0,[0,2,1,0,0,1,0,-1,4,0,-1,8,0,-2,14,0,-3,16,0,-1,9,0,-2,10,0,-3,12,0,-1,6,0,-2,7,0,4,5,0,0,6,0,4,9,0,-1,11,0,4,11,0,-1,13,0,4,13,0,-1,15,0,4,15,0,-1,17,0,4,17,0,3,1,2,4,5,3,4,8,5,4,7,22],[0,0,0,0,0,0,0,0],[-1,20,22,-1,-2,-3,-4,21],[55,56,57,24,58,59,60,24]],[[[42,"angerLight03",[{"rasterizerState":{},"depthStencilState":{},"blendState":{"targets":[{}]}}],[{}],[[[{},"tintColor",8,[4,4294967295],"mainTexture",6,0]],11]]],0,0,[0,0],[7,8],[25,1]],[[{"name":"了解更多","rect":{"x":618,"y":585,"width":157,"height":61},"offset":{"x":0,"y":0},"originalSize":{"width":157,"height":61},"rotated":true,"capInsets":[0,0,0,0],"packable":true,"pixelsToUnit":100,"pivot":{"x":0.5,"y":0.5},"meshType":0}],[4],0,[0],[13],[5]],[[[21,"bgMusic",".mp3",14.832],-1],0,0,[],[],[]],[[[41,"UIForm",{"1000":{"AssetName":"PopupUI","Group":"UI","Id":1000,"note":"弹窗UI"},"1001":{"AssetName":"MainUI","Group":"UI","Id":1001,"note":"主界面UI"},"1002":{"AssetName":"JoyStick","Group":"UI","Id":1002,"note":"摇杆"},"1003":{"AssetName":"CountDown","Group":"UI","Id":1003,"note":"倒计时"},"1004":{"AssetName":"ConfigUI","Group":"UI","Id":1004,"note":"配置界面"},"1005":{"AssetName":"MoveTipUI","Group":"UI","Id":1005,"note":"移动提示界面"}}]],0,0,[],[],[]],[[[10,"Particle-Spark-line"],[115,"Particle-Spark-line",[-2],[4,"48I8iqDUxBnaAnXM0oZPw0",null,null,null,-1,0]],[86,0.5,true,1,[3,"32TAqwtxtDdJHFrv7Ud7MC"],[[0,null],6,0],[9],[17,3,4,2],[0],[0],[0],[0],[0],[0],[0],[17,3,2,0.1],[5,-500],[5,5],[0],[[40,[5,5]]],[36,true,[35,1,[37,[[22,0.009389671361502348,[4,4281597696]]],[[14,255,0.7136150234741785],[14,0,0.9906103286384976]]]]],[168,true,3,2,10,[5,1]],[31,true,[13,1,[12,[0,0.06829268292682927,0.6341463414634146,1],[[90,2,9.226827094474153,0.21127158018952943,9.226827094474153,0.0048780487804878],[29,2,1,0.1886178861788618,0.022764227642276424],[29,2,1,0.12195121951219512,0.1886178861788618],[48,2,0.12195121951219512]]]],[0],[0],[0]],[77,true,[106,3],[106,3],[54,3,50],[5,0.15]],[91,true,0,[0],[0],[60,1,5000,[12,[0.6292682926829268,1],[[62,2,-0.007575757575757577,0.00002471544715447154],[50,2,-0.856060606060606,0.00002471544715447154]]]]],[92,true,1,[0],[0],[0],[60,1,150,[12,[0.014634146341463415,0.6463414634146342],[[62,2,0.060606060606060615,0.0014037940379403794],[74,2,0.2727272727272727,-2.8671328671328644,-2.8671328671328644,0.6037312357806283]]]]],[26,[0],[0],[0]],[39,[13,1,[12,[0,1],[[18,2,1],[18,2,1]]]],[0]],[25],[30,[5,1],[0],[9],[9],-3],[122,1,0.05,1,2]]],0,[0,2,1,0,-1,2,0,10,2,0,3,1,3],[0,0,0],[-1,12,11],[26,26,27]],[[[42,"Mat_Spark-UI_04",[{"priority":200,"rasterizerState":{},"depthStencilState":{},"blendState":{"targets":[{}]}},{"rasterizerState":{},"depthStencilState":{},"blendState":{"targets":[{}]}}],[{},{}],[[[{},"mainTexture",6,0],{}],11,0]]],0,0,[0,0],[7,8],[28,1]],[[{"fmt":"7@96_6@72_0_5@85","w":0,"h":0},-1],[1],0,[],[],[]],[[{"base":"2,2,0,0,0,0","mipmaps":["11Mn3tAGtDH4q5TpA7iucN"]}],[2],0,[],[],[]],[[{"fmt":"0","w":0,"h":0},-1],[1],0,[],[],[]],[[{"base":"2,2,2,2,0,0","mipmaps":["11vcSwZKhOt6Knn7niM+l3"]}],[2],0,[],[],[]],[[{"name":"default_toggle_normal","rect":{"x":0,"y":0,"width":28,"height":28},"offset":{"x":0,"y":0},"originalSize":{"width":28,"height":28},"rotated":false,"capInsets":[0,0,0,0],"vertices":{"rawPosition":[-14,-14,0,14,-14,0,-14,14,0,14,14,0],"indexes":[0,1,2,2,1,3],"uv":[0,28,28,28,0,0,28,0],"nuv":[0,0,1,0,0,1,1,1],"minPos":{"x":-14,"y":-14,"z":0},"maxPos":{"x":14,"y":14,"z":0}},"packable":true,"pixelsToUnit":100,"pivot":{"x":0.5,"y":0.5},"meshType":0}],[4],0,[0],[13],[61]],[[[10,"ConfigUI"],[66,"ConfigUI",33554432,[-8],[[7,-2,[3,"d6Bz5REB1CmIV4g+yVswWO"],[5,720,1280]],[63,45,40,36,-3,[3,"d7/UQRw9tM14aopVTU0I6D"]],[190,-7,[3,"af6o6dhMFECK4/0e66lBnL"],-6,-5,-4]],[4,"6bTajWZstHC7sWdIylp4Ip",null,null,null,-1,0]],[28,"UI",33554432,1,[-11,-12,-13,-14,-15,-16,-17,-18,-19,-20,-21,-22,-23,-24,-25],[[7,-9,[3,"f7WyGoYrVPU5gPdctuvtpS"],[5,264.473,619.216]],[184,10,-267.2115,-0.03450000000000841,264.473,-10,[3,"ebCjhJxWNL87W1+11/CHgX"]]],[4,"a8Hy40mGpHHaKHp41jdNye",null,null,null,1,0],[1,-494.975,0,0]],[28,"拉动按钮",33554432,2,[-32],[[7,-26,[3,"9drxzamIRHAagHEknPqa6z"],[5,26.814000000000007,74.464]],[44,1,0,-27,[3,"ccraJNLGdDJZ2//kT5vC5m"],28],[64,2,-30,[3,"7affedZDdDmICGOHiYm/Ja"],[[45,"d36efmj6GNN/7OuXg2LNRoo","clickButton",-29]],[4,4292269782],-28,29,30,31,32],[197,4,0.3,-31,[3,"c1lt//EVpA7reX/z5Ny/1q"],2]],[4,"2eMPX1G5xID5IqPPXxpQWH",null,null,null,1,0],[1,144.874,-19.039,0]],[28,"ButtonAdd1",33554432,2,[-38],[[7,-33,[3,"c5FMiYQqZO6JSVo1Y7AhLN"],[5,40,40]],[44,1,0,-34,[3,"eagfjFSplKlYnUzJZzgial"],1],[64,2,-36,[3,"c8mIGlsNNIkZF+1MKQFlI6"],[[45,"7f2c2ovNmJBl6tThMCxH00s","addLangren",1]],[4,4292269782],-35,2,3,4,5],[49,34,56.81650000000005,217.409,-37,[3,"b7JdvTFu1CIq9oTxmI6ksS"]]],[4,"29aU6RyNFLE6P+bVhF6Fbd",null,null,null,1,0],[1,55.41999999999996,217.409,0]],[28,"ButtonReduce1",33554432,2,[-44],[[7,-39,[3,"20AjdzLPBDkYEEsCSmPy5O"],[5,40,40]],[44,1,0,-40,[3,"1a2HVBrWhIc7bDcZqVmPjk"],6],[64,2,-42,[3,"07Rv5MoatOeaWDQyNQ8+Ya"],[[45,"7f2c2ovNmJBl6tThMCxH00s","reduceLangren",1]],[4,4292269782],-41,7,8,9,10],[49,34,171.22450000000006,218.731,-43,[3,"45pHZ56sxGSaXZ+qGkBRdO"]]],[4,"7edDMCYbdI0b4CFCYi6GZf",null,null,null,1,0],[1,-58.988000000000056,218.731,0]],[28,"ButtonAdd2",33554432,2,[-50],[[7,-45,[3,"b2KzGzZrxPgoMEptfNvX0s"],[5,40,40]],[44,1,0,-46,[3,"751CDrym5JVYFV8x9qvX68"],11],[64,2,-48,[3,"31qlU8lA1P25pK3oVl+JxJ"],[[45,"7f2c2ovNmJBl6tThMCxH00s","addGebuling",1]],[4,4292269782],-47,12,13,14,15],[49,34,56.81650000000005,95.05899999999997,-49,[3,"dbNKImhLxDVLuBg1jU0weV"]]],[4,"ad496huz1IEqDHsUKT5Xas",null,null,null,1,0],[1,55.41999999999996,95.05899999999997,0]],[28,"ButtonReduce2",33554432,2,[-56],[[7,-51,[3,"41ENvBkTFEMq3OsaJ4xNQK"],[5,40,40]],[44,1,0,-52,[3,"b2AnwRis9OAJNhaZOQS8Ou"],16],[64,2,-54,[3,"59H+fEHHBOYboqLJiK9st6"],[[45,"7f2c2ovNmJBl6tThMCxH00s","reduceGebuling",1]],[4,4292269782],-53,17,18,19,20],[49,34,171.22450000000006,95.05899999999997,-55,[3,"5eUTgwxlhNAKoilIlEuSqA"]]],[4,"7coFUfG3BEU6/QUAPp9kTN",null,null,null,1,0],[1,-58.988000000000056,95.05899999999997,0]],[28,"creatEnemy",33554432,2,[-62],[[7,-57,[3,"68Sr3QkmRL7ZXtAaXcROGS"],[5,164.559,40]],[44,1,0,-58,[3,"e8q6jT0mZM75bBffdT06DB"],21],[64,2,-60,[3,"32aX40pIhL84oHgAIkUvun"],[[45,"7f2c2ovNmJBl6tThMCxH00s","creatEnemy",1]],[4,4292269782],-59,22,23,24,25],[49,34,45.61450000000001,38.192999999999984,-61,[3,"d3m0nt4nxFDbaqUNrARU4p"]]],[4,"8dfQZMk19GcpBsCrNt0f5O",null,null,null,1,0],[1,4.342500000000001,38.192999999999984,0]],[28,"ButtonAdd3",33554432,2,[-68],[[7,-63,[3,"8cWpzsU9tA8pIbRRBrmk8k"],[5,40,40]],[44,1,0,-64,[3,"53BcoTuzhPU44S0ZE5sNyj"],33],[64,2,-66,[3,"7fusQ8yA5Gao9fZf0qfRTF"],[[45,"7f2c2ovNmJBl6tThMCxH00s","addTime",1]],[4,4292269782],-65,34,35,36,37],[49,34,56.81650000000005,-163.909,-67,[3,"eb/5RKyCpN6b/ZNV90N2FA"]]],[4,"fbMGQ0GelJa7YHP3zEA4FM",null,null,null,1,0],[1,55.41999999999996,-163.909,0]],[28,"ButtonReduce3",33554432,2,[-74],[[7,-69,[3,"91J2o/oL1BTYjOhfuiPamY"],[5,40,40]],[44,1,0,-70,[3,"e6FRdpsJJEsqCAiDspdye4"],38],[64,2,-72,[3,"34Cd/zcMVJTpdjhpoiA8s7"],[[45,"7f2c2ovNmJBl6tThMCxH00s","reduceTime",1]],[4,4292269782],-71,39,40,41,42],[49,34,171.22450000000006,-163.909,-73,[3,"e9LXpKI6tGyaBkvWciGo7Q"]]],[4,"eelTS+d2dDJJ3P2zYSXVzc",null,null,null,1,0],[1,-58.988000000000056,-163.909,0]],[28,"Toggle",33554432,2,[-80],[[7,-75,[3,"824DgBisxLnI4r3AE3HopC"],[5,28,28]],[191,-76,[3,"8e/SoxpTBJUqrQr0TQUq/E"],26],[198,-79,[3,"94sh0cgGxMOaoXsI5EaP/8"],[[45,"7f2c2ovNmJBl6tThMCxH00s","automaticCreatEnemyChange",1]],[4,4292269782],-78,-77,27]],[4,"c1MZxzTuNGqraefKxmebMe",null,null,null,1,0],[1,4.342999999999961,-288.268,0]],[67,"Sprite",33554432,2,[[7,-81,[3,"b8LKwHVFxCuIA8YonBNgBQ"],[5,264.473,619.216]],[126,0,-82,[3,"2eLzwGVIZBhqB50T7n1aIN"],[4,3469672439],0],[63,45,40,36,-83,[3,"4a5r5mDB5FX7vNjC7v+C7P"]]],[4,"90MXf5JOBFk7dNzL9GMGzP",null,null,null,1,0]],[101,"狼人",33554432,2,[[[7,-84,[3,"2dta+n6/hPFqRWJwOnO8Zd"],[5,89.97654724121094,50.4]],-85,[49,34,87.21422637939455,263.514,-86,[3,"00Q1+mYnNJ+Z/NRmOd2MAb"]]],4,1,4],[4,"62dabQKlxEfagCdG1v22Ia",null,null,null,1,0],[1,0.033999999999991815,263.514,0]],[101,"哥布林",33554432,2,[[[7,-87,[3,"e0APGbw4BIV6zibgUUAhTA"],[5,125.17654418945312,50.4]],-88,[49,34,69.61422790527345,150.60000000000002,-89,[3,"ebknV+yZNPprELfF0xtdal"]]],4,1,4],[4,"b1IbUJYkJKBpIZqz/WAE3W",null,null,null,1,0],[1,0.033999999999991815,150.60000000000002,0]],[83,"自动创建",33554432,2,[[7,-90,[3,"90jL029kNBy775kIyQsk69"],[5,140.79998779296875,50.4]],[78,"自动创建",35.2,35.2,true,-91,[3,"feRTix861MQJ9LBBT/ufiv"],[4,4278190080]],[49,34,61.80250610351564,-239.64499999999998,-92,[3,"166S1M3NxEJYwXGtLoNy43"]]],[4,"7cMgOk5ZJOhaISLN/eT15C",null,null,null,1,0],[1,0.033999999999991815,-239.64499999999998,0]],[101,"创建间隔",33554432,2,[[[7,-93,[3,"86R25ctOZEOJ2YQLXaBNg/"],[5,39.153106689453125,50.4]],-94,[49,34,112.62594665527345,-159.635,-95,[3,"adezsvrSJJJ6vSp1LN+UGS"]]],4,1,4],[4,"19TGJnUyNO2ZxuSjVr1xJn",null,null,null,1,0],[1,0.033999999999991815,-159.635,0]],[83,"创建间隔-001",33554432,2,[[7,-96,[3,"1aW1lZOfFC6bMSVYa2nPUn"],[5,140.79998779296875,50.4]],[78,"创建间隔",35.2,35.2,true,-97,[3,"6eaAj5kJtGHq/U55b8pmNo"],[4,4278190080]],[49,34,61.80250610351564,-104.42399999999998,-98,[3,"eazCy3NSNB6ZCT06M9W1eW"]]],[4,"2dG/G0SYxOS56+zQD15C56",null,null,null,1,0],[1,0.033999999999991815,-104.42399999999998,0]],[57,"Label",512,33554432,4,[[7,-99,[3,"faBsdNX/VG4biZgV8NRCJn"],[5,100,40]],[55,"+",33.5,33.5,1,false,-100,[3,"48r4wXaL1PuL4N4LhaWjsg"],[4,4278190080]]],[4,"adkMZoFTBEZJ2hm8XElPtu",null,null,null,1,0]],[57,"Label",512,33554432,5,[[7,-101,[3,"19tClsOTVCdJnXwmm41LvL"],[5,100,40]],[55,"-",33.5,33.5,1,false,-102,[3,"c8bRs5laJNQquLMnxWB3rX"],[4,4278190080]]],[4,"bfgpZSZiNKg7EEwgiILl2d",null,null,null,1,0]],[57,"Label",512,33554432,6,[[7,-103,[3,"eaSLPBnBFMm7RkcdQwHT+X"],[5,100,40]],[55,"+",33.5,33.5,1,false,-104,[3,"52+CM2SJxNa7Os1LKMwukn"],[4,4278190080]]],[4,"98FMelgylMYJuYRGfRK5jG",null,null,null,1,0]],[57,"Label",512,33554432,7,[[7,-105,[3,"fbGnYYGU1Lx6LNbMX3OPG0"],[5,100,40]],[55,"-",33.5,33.5,1,false,-106,[3,"46B3bU65NBOqkXeLhC2N4D"],[4,4278190080]]],[4,"99AEM4vUlN169Y2BcEPDJi",null,null,null,1,0]],[132,"Label",512,33554432,8,[[7,-107,[3,"966CE/yRxLyLuHaqcBGAwU"],[5,154.725,40]],[55,"创建敌人",33.5,33.5,1,false,-108,[3,"8bT/3W/hxD16TrlGCaGpwP"],[4,4278190080]]],[4,"ef2J/SQu1HHZI+CTrIhjhw",null,null,null,1,0],[1,-3.987499999999999,0,0]],[151,"Checkmark",33554432,11,[[[7,-109,[3,"dbk104dQlHmIz009Z451YF"],[5,26,26]],-110],4,1],[4,"abTPB7xi9OILn38+GsmpsB",null,null,null,1,0]],[57,"Label",512,33554432,3,[[7,-111,[3,"86ahaU9stIbrzHkVNMKdDM"],[5,100,40]],[55,"》",20,20,1,false,-112,